3

12
0.946653 0.226375 0.84026
1.13618 0.578623 0.710292
1.13618 0.578623 0.289708
0.546833 0.238363 0.289708
0.546833 0.238363 0.710292
0.489257 0.598023 0.5
0.853493 0.808315 0.5
1.19376 0.218967 0.5
0.829517 0.00867507 0.5
0.946653 0.226375 0.15974
0.736361 0.590611 0.15974
0.736361 0.590611 0.84026
30
5 9
10 11
5 6
2 8
3 11
8 9
2 12
6 12
7 11
1 2
4 9
1 5
3 10
8 10
6 11
4 10
4 5
9 10
2 3
1 9
7 12
6 7
4 11
2 7
3 7
4 6
1 12
3 8
1 8
5 12

4
9.95 -0.05 9.95
10.25 -0.05 9.95
9.95 0.25 9.95
9.95 -0.05 10.25
6
1 2
1 3
1 4
2 3
2 4
3 4

8
0.83582 -0.297533 2.5599
2.56255 1.2256 1.14977
-1.08304 1.57322 2.23091
0.643688 3.09634 0.820781
-1.87449 0.360655 -0.0479712
-0.14776 1.88379 -1.4581
0.0443717 -1.5101 0.281021
1.7711 0.0130392 -1.12911
18
1 2
1 3
6 7
4 6
4 8
4 5
7 8
5 7
2 8
1 7
5 6
1 8
2 3
6 8
1 5
3 4
2 4
3 5
